0 0.214295 0.591923 0.413203 0.352102
0 0.647452 0.836105 0.277376 0.268183
0 0.699968 0.272746 0.243251 0.257669
0 0.481199 0.146309 0.267915 0.208123
0 0.315784 0.343975 0.421782 0.303040
0 0.820178 0.474539 0.270156 0.160899
0 0.296901 0.898849 0.192022 0.101958
0 0.789941 0.626672 0.334572 0.192954
0 0.457431 0.639187 0.253700 0.300776
0 0.757899 0.557139 0.396140 0.341888
0 0.363913 0.834683 0.318592 0.219359
0 0.411802 0.835897 0.229267 0.215389
0 0.257503 0.797907 0.111815 0.138468
0 0.360000 0.873489 0.329282 0.152033
0 0.360967 0.959357 0.367193 0.081286
0 0.585282 0.249875 0.099306 0.252272
0 0.362868 0.928237 0.347387 0.102917
0 0.480462 0.196887 0.273692 0.307303
