0 0.581037 0.681214 0.150556 0.130682
0 0.919373 0.533567 0.118047 0.152045
0 0.579033 0.961680 0.147470 0.076641
0 0.070786 0.675012 0.139280 0.146718
0 0.912961 0.686205 0.101426 0.141403
0 0.930781 0.675297 0.137519 0.125309
0 0.371757 0.531904 0.183358 0.152606
0 0.931807 0.383779 0.136387 0.159505
0 0.678942 0.927238 0.348354 0.145524
0 0.826289 0.839993 0.080462 0.147930
0 0.729699 0.321825 0.181767 0.102043
0 0.823621 0.686021 0.075381 0.155055
0 0.415126 0.680760 0.162154 0.134943
0 0.412906 0.816388 0.153761 0.097174
0 0.536392 0.532645 0.168559 0.147049
0 0.928360 0.962652 0.143280 0.072549
0 0.930916 0.819883 0.137684 0.105677
0 0.838819 0.063408 0.069757 0.126816
0 0.932301 0.228269 0.135388 0.164165
0 0.729330 0.543796 0.172451 0.134412
0 0.929872 0.847934 0.140255 0.165684
0 0.680191 0.845226 0.355583 0.165548
0 0.932627 0.079195 0.134746 0.158391
0 0.724222 0.676544 0.157421 0.123534
0 0.744780 0.199477 0.225982 0.165411
0 0.729545 0.431032 0.176801 0.128132
0 0.274615 0.685239 0.265601 0.160825
0 0.322092 0.845415 0.350543 0.162733
0 0.671794 0.958280 0.359165 0.083439
0 0.257210 0.674630 0.178288 0.129551
0 0.075445 0.837075 0.149582 0.159049
0 0.747256 0.248576 0.230472 0.266140
0 0.070335 0.742917 0.140671 0.052295
0 0.251703 0.820223 0.203584 0.109978
0 0.728239 0.960968 0.171974 0.075704
0 0.932953 0.252901 0.134094 0.112984
0 0.975117 0.535298 0.049767 0.145429
0 0.930394 0.750220 0.139212 0.055584
0 0.933869 0.107557 0.131389 0.099986
0 0.674913 0.817652 0.259981 0.101311
0 0.832798 0.526094 0.068942 0.160534
0 0.973255 0.676781 0.053491 0.125510
0 0.931178 0.887563 0.137643 0.087122
0 0.747238 0.516191 0.210669 0.201034
0 0.965817 0.384116 0.068365 0.157448
0 0.684345 0.690255 0.348347 0.166399
0 0.325246 0.689484 0.373216 0.171377
0 0.973150 0.243491 0.053699 0.128539
0 0.455164 0.535154 0.356089 0.158025
0 0.973360 0.818173 0.053223 0.097409
0 0.019624 0.669341 0.039114 0.128274
0 0.975560 0.962150 0.048547 0.070281
0 0.907993 0.962932 0.092609 0.070423
0 0.070485 0.715446 0.140970 0.105600
0 0.727882 0.958635 0.261986 0.082731
0 0.517503 0.534734 0.233874 0.156405
0 0.833906 0.286536 0.072287 0.156326
0 0.742435 0.156542 0.197527 0.079154
0 0.833996 0.265590 0.069694 0.221825
0 0.754735 0.830930 0.215187 0.133122
0 0.707992 0.061585 0.251816 0.122900
0 0.251545 0.837824 0.211017 0.152214
0 0.931206 0.157138 0.137588 0.314277
0 0.934746 0.035901 0.130508 0.071803
