0 0.212542 0.391172 0.423651 0.337467
0 0.099709 0.143350 0.198437 0.284465
0 0.499581 0.500073 0.999162 0.999854
0 0.499073 0.277230 0.226904 0.181610
0 0.833609 0.395796 0.331563 0.239001
0 0.502814 0.809265 0.991762 0.381470
0 0.093503 0.056200 0.183056 0.112400
0 0.307251 0.095121 0.313137 0.176352
0 0.516304 0.296613 0.208049 0.135217
0 0.587367 0.426755 0.336345 0.186674
0 0.368187 0.097369 0.191176 0.175113
0 0.442281 0.262730 0.345877 0.185429
0 0.575991 0.139828 0.257940 0.242145
0 0.921359 0.257959 0.157283 0.234258
0 0.648698 0.812075 0.702488 0.375849
0 0.722596 0.163794 0.553077 0.323038
