0 0.309671 0.889183 0.596195 0.180779
0 0.293506 0.749306 0.136204 0.133320
0 0.429657 0.364017 0.476661 0.352783
0 0.778815 0.156925 0.442369 0.313850
0 0.618472 0.464381 0.107416 0.135825
0 0.578202 0.248188 0.146254 0.117257
0 0.422032 0.250069 0.222573 0.117858
0 0.780477 0.229093 0.438554 0.458186
0 0.242665 0.479953 0.125901 0.139988
0 0.546018 0.737059 0.440041 0.147843
0 0.432534 0.247314 0.452084 0.126984
0 0.633518 0.598453 0.115665 0.147179
0 0.796058 0.495537 0.407649 0.989819
0 0.422972 0.095219 0.398863 0.190437
0 0.355414 0.477415 0.358103 0.154318
0 0.288124 0.249440 0.162606 0.118072
0 0.784054 0.326978 0.429700 0.653426
0 0.643691 0.735060 0.234432 0.129925
0 0.406104 0.608317 0.484532 0.167109
0 0.391459 0.874766 0.451671 0.169760
0 0.263681 0.616431 0.174226 0.154273
