0 0.344927 0.484976 0.111745 0.135743
0 0.650440 0.441573 0.248317 0.233258
0 0.643903 0.233268 0.440174 0.237720
0 0.465493 0.452415 0.142715 0.214421
0 0.843252 0.375675 0.155733 0.213283
0 0.256076 0.209078 0.362333 0.152435
0 0.874974 0.581226 0.220329 0.219838
0 0.242863 0.347383 0.357651 0.190765
0 0.245795 0.289566 0.366711 0.298083
0 0.190772 0.484300 0.224185 0.100186
0 0.408915 0.918718 0.809576 0.162563
0 0.614149 0.662773 0.405680 0.214014
0 0.888442 0.217106 0.222208 0.434213
0 0.317717 0.066663 0.614180 0.133325
0 0.879302 0.836352 0.240038 0.327295
0 0.235243 0.580487 0.348710 0.117103
0 0.233184 0.744608 0.413415 0.251606
0 0.621693 0.065916 0.416278 0.130480
0 0.239901 0.537383 0.362717 0.198060
0 0.447121 0.063377 0.844489 0.126753
0 0.275577 0.674716 0.276288 0.101307
0 0.275321 0.586993 0.265121 0.101577
0 0.202740 0.492836 0.282984 0.124819
0 0.236950 0.625490 0.355606 0.203666
0 0.585274 0.815539 0.419813 0.120328
0 0.637189 0.193738 0.414342 0.173737
