0 0.277816 0.459476 0.377975 0.152564
0 0.583281 0.688548 0.284986 0.406135
0 0.568710 0.300559 0.190194 0.320173
0 0.812484 0.619970 0.217685 0.613482
0 0.433380 0.249436 0.150264 0.265344
0 0.439040 0.163178 0.137327 0.094545
0 0.382445 0.711260 0.190248 0.312846
0 0.758070 0.661951 0.102401 0.259018
0 0.591456 0.917092 0.309667 0.107661
0 0.740059 0.202744 0.233842 0.331428
0 0.743252 0.144063 0.227417 0.212146
0 0.382685 0.762402 0.184002 0.205303
0 0.731327 0.254306 0.254945 0.468579
0 0.575185 0.089758 0.155814 0.127630
0 0.772288 0.441761 0.109360 0.232725
0 0.807980 0.444188 0.201492 0.258078
