0 0.673638 0.347403 0.556450 0.281703
0 0.217907 0.405832 0.421584 0.169607
0 0.726783 0.454937 0.114388 0.130067
0 0.339398 0.571783 0.445939 0.198181
0 0.912389 0.460821 0.102444 0.123700
0 0.760961 0.645464 0.434983 0.257903
0 0.827184 0.459504 0.095478 0.146314
0 0.806901 0.598256 0.316748 0.166867
0 0.869706 0.460126 0.190953 0.137664
0 0.609781 0.713095 0.132488 0.108329
0 0.605957 0.570431 0.141374 0.194637
0 0.757801 0.715630 0.428619 0.107394
0 0.820677 0.458998 0.297299 0.143267
0 0.442891 0.536275 0.191663 0.115626
