0 0.600790 0.760880 0.178377 0.333097
0 0.280074 0.557409 0.244907 0.241711
0 0.538922 0.510593 0.080717 0.147793
0 0.187143 0.748510 0.113284 0.155057
0 0.877602 0.237604 0.128421 0.363138
0 0.482554 0.417233 0.150277 0.098228
0 0.388944 0.248227 0.253446 0.166935
0 0.763674 0.254383 0.109096 0.163065
0 0.693992 0.460476 0.250765 0.294015
0 0.449597 0.535291 0.111544 0.177697
0 0.321836 0.743423 0.170499 0.165622
0 0.624226 0.106608 0.290759 0.200134
0 0.381870 0.411746 0.066024 0.079610
0 0.460773 0.724711 0.129378 0.225360
0 0.825286 0.686153 0.192893 0.198498
0 0.368321 0.412455 0.079212 0.073508
0 0.616546 0.264318 0.198160 0.203024
0 0.626984 0.182150 0.316677 0.355440
0 0.391930 0.102227 0.182909 0.149255
0 0.242964 0.222612 0.148632 0.435335
0 0.336080 0.412777 0.056137 0.066757
0 0.280148 0.744178 0.258387 0.164734
0 0.297001 0.393295 0.079082 0.103504
0 0.353848 0.412498 0.047532 0.074999
0 0.220527 0.224812 0.102320 0.428616
0 0.662642 0.263576 0.292983 0.200707
0 0.876925 0.493408 0.115538 0.187572
0 0.354124 0.348367 0.178566 0.068293
0 0.343528 0.412823 0.032809 0.070690
0 0.886046 0.576230 0.098213 0.353908
0 0.858044 0.501622 0.112549 0.191656
0 0.340731 0.380043 0.150517 0.139709
0 0.465225 0.386456 0.118536 0.158235
0 0.329053 0.098602 0.318247 0.171132
0 0.406291 0.343853 0.231714 0.072543
0 0.463941 0.344478 0.110574 0.070873
0 0.299021 0.406890 0.073713 0.079913
0 0.238213 0.886948 0.230525 0.157257
