0 0.851830 0.310715 0.151943 0.349947
0 0.694916 0.240691 0.151469 0.212823
0 0.845418 0.920007 0.161324 0.159986
0 0.691395 0.915438 0.156678 0.169123
0 0.389430 0.068936 0.153909 0.136587
0 0.816317 0.574714 0.087333 0.160960
0 0.694309 0.573237 0.148075 0.178273
0 0.962457 0.311400 0.075086 0.345714
0 0.234698 0.068791 0.159950 0.136079
0 0.895462 0.066817 0.078323 0.132382
0 0.111217 0.064987 0.089960 0.129973
0 0.962575 0.416635 0.069581 0.155365
0 0.324511 0.269928 0.100393 0.166842
0 0.538709 0.450023 0.155765 0.193172
0 0.540771 0.069788 0.147755 0.136235
0 0.236149 0.269178 0.091643 0.167897
0 0.820124 0.067235 0.089965 0.134470
0 0.494136 0.246688 0.249945 0.221354
0 0.550870 0.270808 0.126049 0.167933
0 0.751640 0.067761 0.058849 0.135522
0 0.678612 0.069120 0.117448 0.138241
0 0.034953 0.062358 0.069906 0.124715
0 0.818065 0.734185 0.091853 0.167466
0 0.066882 0.161369 0.133765 0.076902
0 0.694707 0.168908 0.140104 0.083866
0 0.888712 0.586194 0.073612 0.200208
0 0.682873 0.410645 0.125585 0.149300
0 0.231540 0.247460 0.218021 0.224736
0 0.075532 0.066619 0.149049 0.132473
0 0.696387 0.310064 0.155591 0.350799
0 0.538637 0.537046 0.157545 0.370100
0 0.678030 0.740298 0.121506 0.182012
0 0.437430 0.258904 0.125386 0.191244
0 0.962439 0.070607 0.069479 0.141215
0 0.534192 0.619767 0.156106 0.185127
0 0.156048 0.249627 0.073723 0.197783
0 0.531103 0.165249 0.154428 0.070429
0 0.268836 0.164623 0.194467 0.068715
0 0.077637 0.168659 0.106573 0.075711
0 0.851439 0.068675 0.157904 0.135829
0 0.962274 0.263900 0.074239 0.236870
0 0.874126 0.309951 0.106377 0.344191
0 0.695513 0.651061 0.154043 0.334785
0 0.847949 0.669596 0.148615 0.366034
0 0.692064 0.744627 0.152544 0.215335
0 0.848479 0.170410 0.138960 0.085165
0 0.819837 0.283436 0.089321 0.268537
0 0.848057 0.576192 0.155476 0.183972
0 0.832223 0.648132 0.113675 0.322936
0 0.065994 0.193587 0.131795 0.133897
0 0.079357 0.188648 0.102439 0.114514
0 0.529896 0.854592 0.169956 0.290816
0 0.537049 0.021728 0.139607 0.043419
0 0.890620 0.652240 0.069104 0.325495
0 0.110307 0.043353 0.095635 0.086706
