0 0.578368 0.480219 0.093633 0.141693
0 0.236660 0.602563 0.342824 0.180587
0 0.480945 0.536134 0.150154 0.086768
0 0.525817 0.686970 0.279178 0.241813
0 0.433594 0.278489 0.253322 0.246713
0 0.875913 0.621625 0.219308 0.293156
0 0.745089 0.763682 0.166609 0.117241
0 0.758384 0.881241 0.368842 0.124773
0 0.251039 0.266594 0.169800 0.275615
0 0.730954 0.385410 0.200552 0.257294
0 0.587301 0.367693 0.076181 0.092996
0 0.723405 0.617736 0.204664 0.199150
0 0.245389 0.185400 0.159145 0.113480
0 0.311328 0.823165 0.198484 0.194800
0 0.492235 0.840257 0.186736 0.092812
0 0.448848 0.445205 0.169796 0.113081
0 0.895311 0.324874 0.177970 0.317120
0 0.272390 0.461017 0.230950 0.130509
0 0.768196 0.265651 0.443610 0.210200
0 0.254511 0.317947 0.160405 0.180696
0 0.467860 0.851350 0.235886 0.109430
0 0.762639 0.215038 0.420204 0.108154
0 0.648835 0.339841 0.062586 0.166248
0 0.771153 0.336861 0.436599 0.348950
0 0.898452 0.389621 0.161011 0.179659
0 0.728412 0.671308 0.206962 0.313693
