2 0.470451 0.574871 0.246288 0.368564
2 0.159219 0.824319 0.179773 0.297521
2 0.163830 0.547758 0.170179 0.285940
2 0.172855 0.274122 0.174898 0.299870
2 0.295515 0.919240 0.202471 0.161519
2 0.302992 0.417416 0.208882 0.337711
2 0.299316 0.702021 0.210232 0.314302
2 0.054914 0.892558 0.109373 0.214883
2 0.058720 0.675329 0.117440 0.278898
2 0.312307 0.147435 0.206171 0.294869
2 0.299483 0.772356 0.217680 0.455287
2 0.676494 0.389625 0.291447 0.429523
2 0.469190 0.221407 0.252362 0.410713
2 0.469658 0.515914 0.243638 0.252960
2 0.160095 0.102887 0.208053 0.205774
2 0.065194 0.421331 0.130388 0.286402
2 0.161136 0.159180 0.210675 0.318125
2 0.172046 0.355868 0.184483 0.477246
2 0.867670 0.620386 0.264086 0.476345
2 0.314017 0.246881 0.213694 0.493761
2 0.468802 0.861377 0.247445 0.277247
2 0.163358 0.631029 0.179947 0.454726
2 0.066644 0.499483 0.133288 0.440346
2 0.055071 0.295986 0.110142 0.550343
2 0.665136 0.783817 0.297253 0.425748
2 0.061332 0.728385 0.122664 0.378716
2 0.052343 0.187736 0.104686 0.363324
2 0.062766 0.504515 0.125533 0.627209
2 0.851237 0.434389 0.297526 0.858683
2 0.303029 0.535955 0.231112 0.581825
2 0.678645 0.325876 0.282326 0.297857
2 0.755757 0.783603 0.474914 0.430634
2 0.694641 0.355155 0.610719 0.708062
2 0.467075 0.690108 0.259482 0.590488
2 0.149875 0.075756 0.192451 0.151511
