2 0.396076 0.827214 0.315341 0.344561
2 0.420361 0.183504 0.227411 0.321951
2 0.680876 0.139868 0.217505 0.279201
2 0.317716 0.392797 0.248117 0.354017
2 0.160740 0.212957 0.234194 0.325527
2 0.601914 0.341521 0.237651 0.338903
2 0.869107 0.307806 0.245813 0.335721
2 0.104040 0.860854 0.208080 0.277731
2 0.917722 0.920518 0.164557 0.158964
2 0.188590 0.650571 0.275803 0.411775
2 0.079572 0.438198 0.159107 0.369077
2 0.270788 0.097357 0.214633 0.194714
2 0.514094 0.596754 0.264300 0.421833
2 0.905594 0.124150 0.188811 0.246778
2 0.805944 0.551611 0.268596 0.394714
2 0.722411 0.805615 0.298015 0.388770
2 0.260020 0.068832 0.181731 0.137502
2 0.949000 0.731518 0.102000 0.360096
2 0.061838 0.151707 0.123675 0.303415
2 0.687282 0.204709 0.220494 0.408776
2 0.958112 0.528935 0.083504 0.565154
2 0.060568 0.100745 0.120702 0.201491
2 0.772638 0.058481 0.131600 0.116961
2 0.877589 0.368373 0.240628 0.456744
2 0.981404 0.433802 0.037193 0.361989
2 0.953278 0.686123 0.091855 0.277464
2 0.974519 0.494136 0.050963 0.391720
2 0.525196 0.087120 0.196159 0.172949
2 0.058714 0.065445 0.117427 0.130891
2 0.527228 0.058145 0.207215 0.116290
2 0.607601 0.960905 0.262793 0.078191
2 0.028190 0.640378 0.055424 0.282375
2 0.421806 0.292385 0.235839 0.537848
2 0.277063 0.155711 0.209734 0.311421
2 0.978558 0.373183 0.042884 0.460521
2 0.934227 0.772391 0.131545 0.455218
2 0.023639 0.659492 0.045101 0.214379
2 0.033037 0.580494 0.064519 0.384417
2 0.763719 0.045574 0.148828 0.091147
2 0.027405 0.716652 0.054605 0.367965
2 0.524161 0.082224 0.143945 0.163440
2 0.909879 0.234899 0.180241 0.468920
2 0.166156 0.277768 0.238204 0.447632
2 0.532892 0.134684 0.179195 0.268565
2 0.987860 0.439996 0.023871 0.284088
