2 0.090865 0.559302 0.181577 0.881396
2 0.590993 0.669291 0.224181 0.334019
2 0.770325 0.579436 0.202824 0.285981
2 0.601495 0.501925 0.192012 0.636269
2 0.843663 0.347860 0.312673 0.692937
2 0.399762 0.409791 0.431206 0.816424
2 0.438579 0.469905 0.199741 0.743621
2 0.450951 0.425376 0.265548 0.842587
2 0.258456 0.530563 0.206622 0.655083
2 0.924345 0.492921 0.151311 0.408260
2 0.434264 0.445305 0.175455 0.547429
2 0.057033 0.081612 0.113236 0.160603
2 0.285208 0.424353 0.276923 0.844367
2 0.691845 0.136674 0.244821 0.273013
2 0.162552 0.176338 0.157723 0.347912
2 0.676762 0.206220 0.222457 0.412440
