2 0.221382 0.867741 0.185458 0.262941
2 0.697564 0.450002 0.249825 0.552607
2 0.923621 0.776086 0.152759 0.361422
2 0.494969 0.872902 0.183639 0.254195
2 0.843081 0.603694 0.220876 0.408801
2 0.313875 0.366205 0.248022 0.381280
2 0.351301 0.780636 0.198800 0.390141
2 0.502148 0.557921 0.213602 0.311261
2 0.511130 0.315021 0.290619 0.630041
2 0.314302 0.448459 0.249936 0.544268
2 0.648986 0.787086 0.199615 0.406183
2 0.512817 0.214443 0.288092 0.428885
2 0.364307 0.931271 0.165261 0.137458
2 0.623155 0.937941 0.162870 0.124119
2 0.075928 0.756378 0.151856 0.336022
2 0.770750 0.869053 0.179053 0.261895
2 0.796193 0.289509 0.406846 0.579017
2 0.147523 0.623462 0.275942 0.428350
2 0.030086 0.871306 0.058726 0.199938
2 0.216377 0.269867 0.430857 0.539733
2 0.124370 0.944434 0.161990 0.111132
2 0.836677 0.689842 0.226565 0.590712
2 0.694816 0.584088 0.248942 0.780034
2 0.171508 0.696622 0.233845 0.578437
2 0.500469 0.687976 0.229327 0.586409
2 0.871674 0.941364 0.156379 0.117272
2 0.774671 0.808294 0.176461 0.331216
2 0.965356 0.780786 0.069288 0.350491
2 0.134866 0.485237 0.269265 0.964634
