2 0.346817 0.391437 0.140854 0.692886
2 0.162658 0.293276 0.119481 0.371122
2 0.597538 0.412070 0.177497 0.727454
2 0.858235 0.368732 0.155193 0.545341
2 0.740022 0.342652 0.159728 0.525427
2 0.166384 0.399532 0.130365 0.606586
2 0.614905 0.526350 0.230804 0.941768
2 0.228291 0.396992 0.264077 0.671435
2 0.776043 0.366107 0.247339 0.588481
2 0.441860 0.409147 0.190886 0.708830
2 0.252650 0.307007 0.089808 0.473099
2 0.814462 0.364247 0.248302 0.552532
2 0.455476 0.283806 0.107503 0.423319
2 0.459525 0.351693 0.119212 0.566572
2 0.469065 0.438961 0.142250 0.762675
