2 0.429742 0.884144 0.260936 0.187054
2 0.342660 0.378855 0.234218 0.241483
2 0.484335 0.626245 0.216780 0.343991
2 0.483902 0.200521 0.263125 0.248701
2 0.483692 0.555910 0.215833 0.199174
2 0.686568 0.786157 0.212592 0.245670
2 0.342986 0.453223 0.238781 0.387732
2 0.483843 0.269131 0.263150 0.390689
2 0.720241 0.560326 0.226207 0.239769
2 0.719019 0.674973 0.229083 0.465943
2 0.616868 0.375757 0.230734 0.240371
2 0.859508 0.792068 0.165888 0.268253
2 0.616230 0.453154 0.233745 0.398244
2 0.254559 0.540862 0.234099 0.233941
2 0.858867 0.742853 0.173115 0.360255
2 0.203248 0.766812 0.273372 0.295495
2 0.824044 0.221133 0.323348 0.442266
2 0.386045 0.771243 0.216891 0.307193
2 0.214534 0.674105 0.298582 0.474360
2 0.138544 0.302614 0.275799 0.596354
2 0.274162 0.490450 0.287694 0.337535
2 0.826346 0.321774 0.327530 0.641394
2 0.253604 0.657025 0.237917 0.468505
2 0.426597 0.794272 0.265791 0.358907
2 0.856628 0.457006 0.235171 0.487346
