2 0.593778 0.448529 0.196689 0.525080
2 0.347856 0.453085 0.193088 0.585063
2 0.746047 0.332269 0.194032 0.616743
2 0.465185 0.830410 0.156631 0.331328
2 0.746903 0.190433 0.194312 0.329713
2 0.808060 0.478157 0.140346 0.504542
2 0.947475 0.747577 0.104267 0.504846
2 0.198158 0.287991 0.198217 0.575982
2 0.195800 0.206187 0.195816 0.401532
2 0.803030 0.574276 0.162398 0.700179
2 0.795645 0.831928 0.350185 0.336143
2 0.148492 0.428268 0.163822 0.462665
2 0.184761 0.378047 0.227973 0.748720
2 0.766591 0.389039 0.214965 0.727741
2 0.468370 0.524577 0.100432 0.347595
2 0.131759 0.465761 0.130697 0.542791
2 0.348807 0.646846 0.187671 0.280633
2 0.177396 0.475376 0.222256 0.572915
2 0.153435 0.595461 0.235314 0.803135
