2 0.348642 0.348472 0.200427 0.293955
2 0.494600 0.518305 0.226424 0.340318
2 0.485367 0.868361 0.273424 0.263279
2 0.229588 0.206142 0.188277 0.274189
2 0.635449 0.114913 0.163211 0.228793
2 0.504405 0.215357 0.182789 0.277046
2 0.123205 0.109272 0.171246 0.218354
2 0.648659 0.350757 0.203680 0.308195
2 0.504568 0.281661 0.184326 0.406329
2 0.374292 0.112837 0.155558 0.225674
2 0.872388 0.115089 0.165912 0.229543
2 0.374730 0.192321 0.163074 0.384643
2 0.778772 0.219246 0.186233 0.282135
2 0.229441 0.279515 0.189819 0.419234
2 0.636910 0.222335 0.172441 0.444671
2 0.503028 0.351763 0.196044 0.544223
2 0.779050 0.330417 0.196986 0.516902
2 0.970430 0.175089 0.059140 0.294015
2 0.645729 0.474193 0.212170 0.557492
2 0.683953 0.763005 0.265438 0.473989
2 0.507708 0.159135 0.198112 0.318271
2 0.120795 0.191268 0.176299 0.381848
2 0.029184 0.188365 0.057218 0.276344
2 0.077820 0.368425 0.155639 0.353315
2 0.506938 0.064656 0.190089 0.129312
2 0.851622 0.597939 0.296755 0.785498
2 0.968069 0.252514 0.063861 0.455538
2 0.029075 0.150361 0.056710 0.189050
2 0.308935 0.760936 0.248326 0.469151
2 0.371350 0.257571 0.175089 0.515141
2 0.163901 0.533760 0.235726 0.366515
2 0.493206 0.636727 0.237339 0.554104
2 0.781015 0.653384 0.436059 0.690542
2 0.349861 0.504455 0.213687 0.595317
2 0.255463 0.104890 0.146347 0.209515
2 0.219542 0.765008 0.426460 0.469057
2 0.333520 0.115402 0.246329 0.230804
2 0.752998 0.125554 0.146385 0.251107
2 0.763384 0.768055 0.434398 0.462368
2 0.077167 0.552806 0.154333 0.813276
2 0.881672 0.203165 0.178708 0.404176
2 0.141561 0.673741 0.275604 0.643934
2 0.259766 0.042110 0.131804 0.084220
2 0.106350 0.127521 0.210794 0.255042
