2 0.499174 0.824146 0.266562 0.347440
2 0.823275 0.783666 0.138465 0.210544
2 0.934644 0.607430 0.130713 0.405606
2 0.930185 0.518138 0.139630 0.588941
2 0.553881 0.167718 0.265281 0.335436
2 0.958999 0.894754 0.081434 0.208386
2 0.043636 0.760255 0.087067 0.466903
2 0.316390 0.919626 0.234388 0.160748
2 0.550081 0.399507 0.279611 0.799014
2 0.218918 0.911191 0.412268 0.176992
2 0.079355 0.154141 0.158285 0.304270
2 0.469042 0.478779 0.128114 0.432676
2 0.082359 0.254145 0.164718 0.505842
2 0.852986 0.835013 0.286328 0.329973
2 0.469893 0.417700 0.127314 0.302946
