2 0.844195 0.223056 0.308627 0.443580
2 0.834760 0.703517 0.330481 0.592654
2 0.084082 0.238070 0.168164 0.454197
2 0.219293 0.871103 0.203186 0.249812
2 0.310281 0.180252 0.318860 0.359975
2 0.105457 0.962886 0.192574 0.074227
2 0.583857 0.188643 0.307612 0.375227
2 0.397671 0.933791 0.415154 0.132418
2 0.077354 0.334115 0.154707 0.279687
2 0.177424 0.487293 0.334958 0.307546
2 0.899838 0.549443 0.199746 0.273231
2 0.665623 0.910453 0.214683 0.179094
2 0.835978 0.551129 0.327615 0.274984
2 0.887859 0.656442 0.224283 0.483564
2 0.196153 0.547791 0.306703 0.394612
2 0.060371 0.671441 0.120690 0.418677
2 0.298617 0.738485 0.171038 0.257788
2 0.071853 0.727692 0.143706 0.500891
