2 0.833544 0.709374 0.129741 0.371167
2 0.640594 0.710462 0.154817 0.442571
2 0.747505 0.480630 0.219177 0.417154
2 0.553786 0.418642 0.178208 0.385309
2 0.554966 0.509554 0.177906 0.580430
2 0.138342 0.627222 0.162044 0.539699
2 0.545620 0.804018 0.109912 0.225380
2 0.747373 0.779796 0.088261 0.275336
2 0.266607 0.659009 0.192229 0.483890
2 0.426843 0.314746 0.137148 0.559928
2 0.540541 0.749706 0.117838 0.341696
2 0.750751 0.585666 0.224029 0.632705
2 0.424089 0.571756 0.134314 0.445773
2 0.331121 0.570650 0.136342 0.662764
2 0.415459 0.663020 0.156087 0.521847
2 0.203330 0.628798 0.291917 0.548374
2 0.411248 0.815190 0.188267 0.265572
2 0.410765 0.464498 0.173791 0.883918
