2 0.503818 0.849925 0.546564 0.300151
2 0.500420 0.156261 0.546610 0.311767
2 0.484684 0.506703 0.549211 0.372509
2 0.845647 0.698195 0.308707 0.377758
2 0.846999 0.321904 0.305593 0.380123
2 0.144677 0.322741 0.289013 0.374704
2 0.149130 0.742177 0.298239 0.469730
2 0.850811 0.061635 0.294842 0.123270
2 0.141686 0.935862 0.278604 0.128276
2 0.851440 0.937738 0.295444 0.124525
2 0.140691 0.068627 0.281241 0.137254
2 0.844957 0.210791 0.309150 0.421582
2 0.141616 0.239918 0.282694 0.479837
2 0.131954 0.137407 0.263909 0.273838
2 0.846702 0.517624 0.305815 0.782381
2 0.146634 0.538630 0.292461 0.799742
