2 0.516189 0.526845 0.212973 0.359862
2 0.305486 0.352175 0.219023 0.546193
2 0.570011 0.207166 0.274010 0.354214
2 0.277527 0.554521 0.234100 0.436527
2 0.514253 0.447432 0.207929 0.198504
2 0.378166 0.711650 0.233443 0.407678
2 0.661059 0.625328 0.249257 0.240585
2 0.139413 0.328151 0.178503 0.513140
2 0.513146 0.798493 0.255371 0.251195
2 0.689881 0.473983 0.546584 0.899961
2 0.562219 0.303966 0.266872 0.554294
2 0.747106 0.546237 0.244360 0.419386
2 0.311606 0.236125 0.212345 0.301081
2 0.242404 0.533234 0.437886 0.933533
2 0.660110 0.718891 0.255729 0.431891
2 0.109295 0.783975 0.201948 0.431505
