2 0.685496 0.734772 0.237362 0.322092
2 0.846577 0.880965 0.226560 0.238070
2 0.320848 0.919845 0.211929 0.160311
2 0.582524 0.894794 0.220045 0.210413
2 0.494855 0.555314 0.257681 0.371645
2 0.808830 0.496692 0.265715 0.385774
2 0.088502 0.932553 0.175221 0.134895
2 0.925234 0.712144 0.148233 0.351877
2 0.128194 0.828025 0.232237 0.333761
2 0.906156 0.216372 0.187074 0.427225
2 0.401217 0.785608 0.229267 0.315962
2 0.373354 0.121070 0.273172 0.240529
2 0.191195 0.592399 0.264307 0.365661
2 0.606459 0.271118 0.282900 0.430218
2 0.082456 0.165398 0.163743 0.330797
2 0.277944 0.316653 0.281403 0.406824
2 0.046138 0.414326 0.090780 0.419410
2 0.740963 0.102265 0.165593 0.203190
2 0.452550 0.938527 0.099918 0.122947
2 0.023131 0.587171 0.044694 0.322844
2 0.740138 0.977671 0.167840 0.044498
2 0.085537 0.260332 0.171041 0.518811
2 0.754942 0.174975 0.182575 0.349402
2 0.216580 0.114208 0.141479 0.226168
2 0.584753 0.078638 0.228694 0.157258
2 0.031957 0.578435 0.062289 0.339981
2 0.938324 0.953889 0.123352 0.092223
2 0.041859 0.522942 0.082819 0.443167
2 0.099022 0.892802 0.194514 0.213502
2 0.962910 0.336581 0.073077 0.245747
