2 0.037579 0.101840 0.075158 0.202220
2 0.178068 0.216542 0.139494 0.207471
2 0.351919 0.114510 0.176688 0.227024
2 0.920796 0.840394 0.158408 0.319213
2 0.450709 0.833136 0.270493 0.331599
2 0.829396 0.711666 0.335303 0.573047
2 0.765229 0.499566 0.469542 0.999132
2 0.060598 0.380981 0.121196 0.374033
2 0.178327 0.328965 0.141134 0.431797
2 0.060112 0.883293 0.117064 0.233413
2 0.769804 0.249064 0.456156 0.497775
2 0.299044 0.838504 0.594425 0.322992
2 0.500469 0.177078 0.276464 0.351936
2 0.431243 0.531736 0.182749 0.367495
2 0.063097 0.446113 0.125563 0.515934
2 0.139759 0.098901 0.254156 0.197477
2 0.530381 0.648027 0.129052 0.230966
2 0.460189 0.886454 0.245476 0.226583
2 0.306407 0.113237 0.237153 0.223885
2 0.612047 0.470975 0.163765 0.457731
2 0.430865 0.477725 0.200815 0.453322
2 0.386728 0.118294 0.252947 0.234874
2 0.692734 0.846789 0.244147 0.306423
2 0.960343 0.662618 0.079315 0.485177
2 0.900170 0.709677 0.199609 0.577916
