2 0.794294 0.370708 0.132585 0.340258
2 0.671646 0.465806 0.143910 0.413884
2 0.485223 0.653534 0.142677 0.692933
2 0.920975 0.199077 0.154929 0.218976
2 0.277531 0.484235 0.249096 0.409320
2 0.112901 0.425561 0.224432 0.531258
2 0.384671 0.473499 0.442026 0.946998
2 0.387537 0.336261 0.451671 0.671525
2 0.392131 0.154550 0.443308 0.309101
2 0.113401 0.296703 0.226803 0.270228
2 0.922818 0.381033 0.153773 0.592079
2 0.491562 0.505759 0.179783 0.960164
2 0.674520 0.624779 0.156851 0.746374
2 0.112680 0.580340 0.224877 0.834180
