2 0.392642 0.681557 0.227891 0.247663
2 0.888192 0.619394 0.222456 0.226957
2 0.298755 0.393060 0.214422 0.353261
2 0.816050 0.523081 0.216348 0.344249
2 0.112494 0.618329 0.224988 0.229456
2 0.504371 0.368517 0.207062 0.356727
2 0.184088 0.543556 0.234361 0.361919
2 0.617716 0.490853 0.191119 0.334704
2 0.603101 0.542673 0.217680 0.434877
2 0.572558 0.671764 0.179777 0.212339
2 0.503187 0.303828 0.208988 0.223887
2 0.160796 0.504793 0.160047 0.287963
2 0.503474 0.479893 0.213012 0.576723
2 0.147253 0.473922 0.132241 0.226595
2 0.691143 0.583033 0.189590 0.151442
2 0.692043 0.637915 0.194000 0.262387
