2 0.184938 0.484252 0.209288 0.334314
2 0.248732 0.228270 0.214627 0.290496
2 0.777993 0.396339 0.277539 0.593725
2 0.507338 0.432729 0.222434 0.724272
2 0.248695 0.296199 0.217176 0.425237
2 0.480324 0.712663 0.182620 0.263543
2 0.269766 0.788326 0.220595 0.310398
2 0.806903 0.534418 0.184202 0.377251
2 0.726117 0.720062 0.286880 0.259759
2 0.355294 0.500363 0.154989 0.349725
2 0.506523 0.311193 0.221601 0.477650
2 0.749555 0.465303 0.334816 0.746042
2 0.480768 0.619429 0.180423 0.478582
2 0.652853 0.485248 0.203481 0.422100
2 0.268313 0.788090 0.218342 0.310795
2 0.807764 0.612269 0.190107 0.544946
2 0.241458 0.365359 0.240976 0.568684
2 0.323853 0.497104 0.199656 0.343852
2 0.198165 0.438809 0.229945 0.425267
