2 0.567215 0.556285 0.183595 0.506581
2 0.741459 0.524912 0.180883 0.530105
2 0.928898 0.729224 0.141468 0.304084
2 0.865096 0.340946 0.269780 0.681892
2 0.392615 0.603234 0.189199 0.466484
2 0.072846 0.568387 0.145691 0.536124
2 0.412472 0.489996 0.211418 0.674051
2 0.155834 0.847217 0.304046 0.305566
2 0.212411 0.650630 0.184662 0.407112
2 0.628243 0.386518 0.231417 0.536838
2 0.608882 0.891172 0.444671 0.216950
2 0.230879 0.536942 0.203489 0.537608
2 0.630966 0.300610 0.233568 0.364009
2 0.029123 0.239009 0.057592 0.396393
2 0.832282 0.890392 0.171392 0.219216
2 0.029866 0.326490 0.059732 0.623961
2 0.634032 0.210390 0.246933 0.420780
