2 0.662823 0.214419 0.206936 0.360352
2 0.850773 0.677802 0.200808 0.359229
2 0.408537 0.678534 0.204572 0.365036
2 0.215817 0.675794 0.207867 0.302477
2 0.579914 0.860196 0.186810 0.155062
2 0.469670 0.210665 0.208108 0.297323
2 0.658988 0.675532 0.202825 0.303516
2 0.141682 0.858052 0.191382 0.161806
2 0.390196 0.396194 0.188231 0.163537
2 0.482948 0.263846 0.244456 0.405878
2 0.670778 0.724981 0.238083 0.403611
2 0.728648 0.850085 0.167517 0.148129
2 0.535072 0.470902 0.185138 0.320233
2 0.391603 0.468803 0.192658 0.310408
2 0.526669 0.688845 0.089716 0.329037
2 0.198919 0.854018 0.311191 0.156049
2 0.289048 0.849106 0.166508 0.148001
