2 0.143386 0.865691 0.190398 0.268619
2 0.860654 0.903959 0.273760 0.192082
2 0.268520 0.463316 0.199694 0.354719
2 0.112809 0.621674 0.183851 0.308470
2 0.318725 0.740445 0.214055 0.354269
2 0.081393 0.377405 0.156289 0.331598
2 0.563332 0.837669 0.254996 0.324662
2 0.062878 0.121965 0.124512 0.243930
2 0.237643 0.188906 0.201758 0.353385
2 0.355294 0.922175 0.213329 0.155650
2 0.506742 0.563657 0.238858 0.400721
2 0.672548 0.121636 0.252606 0.243273
2 0.796516 0.655835 0.285087 0.384930
2 0.471782 0.261964 0.239470 0.399915
2 0.374732 0.096704 0.201069 0.192401
2 0.921834 0.169891 0.156310 0.339107
2 0.672460 0.037826 0.239602 0.075652
2 0.918269 0.280182 0.163053 0.560365
2 0.043175 0.930691 0.084619 0.137472
2 0.749499 0.351536 0.282512 0.430771
2 0.038647 0.813303 0.075471 0.373394
2 0.023826 0.756626 0.046637 0.249666
2 0.962417 0.438097 0.075166 0.415583
2 0.470923 0.199569 0.231280 0.264516
2 0.172868 0.057070 0.154718 0.114140
2 0.475205 0.383621 0.247637 0.624735
2 0.966501 0.810317 0.066999 0.322276
2 0.024067 0.679971 0.047501 0.399442
2 0.504999 0.044968 0.137800 0.089936
2 0.977261 0.760357 0.045479 0.338637
2 0.954406 0.512141 0.091188 0.559984
2 0.065745 0.089092 0.124318 0.178183
2 0.750246 0.452146 0.283984 0.638015
2 0.975897 0.656005 0.048205 0.513258
2 0.022677 0.613719 0.044880 0.343856
2 0.665219 0.069773 0.249321 0.139547
