2 0.166587 0.628254 0.274368 0.414038
2 0.435739 0.610794 0.277105 0.397880
2 0.846375 0.799193 0.293850 0.304805
2 0.847993 0.485855 0.207558 0.368755
2 0.323970 0.375085 0.365399 0.617132
2 0.629626 0.358778 0.281427 0.468793
2 0.299114 0.462492 0.301964 0.502466
2 0.632589 0.447655 0.284637 0.657211
2 0.355428 0.436005 0.395028 0.753393
2 0.877296 0.490181 0.145766 0.387271
2 0.781277 0.788847 0.416695 0.309966
2 0.703370 0.638493 0.284649 0.483329
2 0.297434 0.396377 0.308599 0.350569
2 0.700333 0.518516 0.280405 0.237687
