2 0.651115 0.584928 0.192054 0.501425
2 0.405958 0.563310 0.192503 0.505968
2 0.803781 0.879516 0.194097 0.240474
2 0.251096 0.851301 0.189809 0.233276
2 0.864376 0.594231 0.140105 0.410596
2 0.190504 0.590388 0.136646 0.351063
2 0.770701 0.485614 0.182140 0.556053
2 0.557616 0.234469 0.203541 0.460220
2 0.900259 0.399654 0.197492 0.791492
2 0.036034 0.256633 0.072068 0.502637
2 0.040502 0.356144 0.079920 0.692995
2 0.279417 0.462527 0.201356 0.580819
2 0.255262 0.423892 0.235159 0.729282
2 0.776399 0.585213 0.100876 0.442105
2 0.532259 0.563874 0.090998 0.504709
2 0.195881 0.364513 0.373173 0.725379
2 0.026785 0.360508 0.051288 0.254441
