2 0.162992 0.342003 0.171146 0.403628
2 0.353218 0.367131 0.213900 0.480650
2 0.787694 0.691733 0.273870 0.454398
2 0.713635 0.362684 0.203015 0.593808
2 0.570180 0.693888 0.215822 0.247070
2 0.778251 0.787151 0.245969 0.266033
2 0.562375 0.477749 0.206080 0.699601
2 0.453306 0.194437 0.157583 0.202252
2 0.537236 0.420656 0.164081 0.537208
2 0.452001 0.249666 0.159186 0.315718
2 0.457509 0.157089 0.152391 0.133121
2 0.602564 0.143719 0.138273 0.129689
2 0.455044 0.315388 0.159389 0.446509
2 0.606920 0.170095 0.144236 0.184589
