1 0.548939 0.672797 0.117405 0.444006
1 0.275914 0.684686 0.178379 0.429275
1 0.178148 0.227143 0.103968 0.392338
1 0.809278 0.686080 0.119111 0.411764
1 0.677469 0.681739 0.093184 0.415935
1 0.945431 0.691622 0.096035 0.414244
1 0.352801 0.234768 0.209358 0.422092
1 0.506591 0.234454 0.098015 0.406013
1 0.651012 0.247488 0.140086 0.444307
1 0.066173 0.262924 0.101755 0.461205
1 0.421029 0.672894 0.093796 0.429065
1 0.091859 0.665155 0.175219 0.472416
1 0.096936 0.459993 0.192658 0.890480
1 0.935427 0.150698 0.115089 0.257105
1 0.815788 0.253563 0.140966 0.460180
1 0.935588 0.453241 0.128628 0.889447
1 0.069048 0.455601 0.128040 0.873001
1 0.944899 0.533238 0.103572 0.733651
1 0.847237 0.451266 0.219838 0.891289
