1 0.767403 0.714605 0.137095 0.391040
1 0.246006 0.692504 0.139702 0.433991
1 0.307971 0.206448 0.128472 0.394781
1 0.657632 0.169607 0.139844 0.323368
1 0.910679 0.717081 0.130150 0.390441
1 0.600173 0.709117 0.173881 0.410954
1 0.480575 0.191712 0.154099 0.366511
1 0.095724 0.682524 0.145781 0.456714
1 0.413558 0.700446 0.175386 0.419083
1 0.911186 0.388423 0.101884 0.205675
1 0.870750 0.137143 0.199627 0.268506
1 0.784101 0.392105 0.104763 0.188177
1 0.114342 0.213356 0.168748 0.422395
1 0.109963 0.214036 0.176821 0.421769
1 0.912920 0.394776 0.094610 0.190551
