1 0.934402 0.739438 0.091032 0.440000
1 0.821860 0.772598 0.105470 0.398213
1 0.645946 0.767163 0.211212 0.437496
1 0.346522 0.747814 0.130322 0.442032
1 0.492578 0.764212 0.093915 0.425920
1 0.723350 0.314289 0.169040 0.422407
1 0.189386 0.305552 0.115528 0.407250
1 0.054309 0.300373 0.093802 0.406685
1 0.911279 0.321446 0.166664 0.446425
1 0.323351 0.320211 0.088495 0.431238
1 0.179746 0.742256 0.132266 0.449520
1 0.582234 0.365366 0.089385 0.530036
1 0.452092 0.369873 0.121773 0.535407
1 0.580930 0.268790 0.086112 0.338692
1 0.450743 0.295599 0.116007 0.391367
1 0.063930 0.840469 0.109475 0.251843
1 0.324466 0.424640 0.093401 0.638291
1 0.053792 0.516043 0.102879 0.844003
1 0.908773 0.408889 0.173592 0.622945
1 0.908543 0.538494 0.178816 0.891266
1 0.179352 0.526947 0.145022 0.889838
1 0.188941 0.419255 0.121190 0.623039
