4 0.707873 0.471476 0.150693 0.415201
4 0.283265 0.497377 0.149766 0.387802
4 0.709598 0.503301 0.155463 0.471176
4 0.125918 0.417028 0.162609 0.538202
4 0.123973 0.424311 0.159607 0.564755
4 0.881976 0.596799 0.129921 0.366932
4 0.555939 0.439917 0.141924 0.370816
4 0.878541 0.594544 0.132697 0.346420
4 0.553930 0.725393 0.189623 0.298963
4 0.730980 0.758361 0.186769 0.286734
4 0.558389 0.467446 0.147718 0.414624
4 0.557299 0.437308 0.145666 0.366905
4 0.281473 0.502417 0.151127 0.391354
4 0.372640 0.653600 0.265156 0.322632
