4 0.292114 0.711036 0.138273 0.329448
4 0.471489 0.270884 0.201408 0.511494
4 0.650185 0.284363 0.181710 0.506623
4 0.424915 0.716451 0.146137 0.338169
4 0.278646 0.262800 0.233032 0.487940
4 0.215770 0.262283 0.358222 0.488068
4 0.571742 0.718203 0.154588 0.353275
4 0.144059 0.711600 0.162526 0.337265
4 0.283647 0.467336 0.107671 0.076342
4 0.105341 0.444318 0.111430 0.070788
4 0.837300 0.356108 0.235043 0.687315
4 0.681378 0.616354 0.095992 0.274209
4 0.477472 0.489807 0.103854 0.068995
4 0.668513 0.506606 0.112574 0.057506
4 0.112909 0.255299 0.180845 0.474213
4 0.142965 0.848682 0.090851 0.050871
