4 0.344588 0.717591 0.180921 0.512508
4 0.424160 0.275850 0.150978 0.341234
4 0.524819 0.727661 0.203888 0.503105
4 0.706617 0.289767 0.140271 0.324495
4 0.159368 0.721169 0.227034 0.538674
4 0.424681 0.132702 0.083584 0.045837
4 0.712404 0.738371 0.208508 0.489091
4 0.712474 0.157284 0.083163 0.051413
4 0.857498 0.289051 0.164162 0.333502
4 0.575631 0.285850 0.142253 0.336170
4 0.522423 0.506317 0.099496 0.066764
4 0.858253 0.149581 0.086779 0.051848
4 0.581474 0.143615 0.086014 0.052642
4 0.716478 0.527728 0.106576 0.074606
4 0.145375 0.481667 0.116486 0.055364
4 0.333456 0.489467 0.110909 0.060026
4 0.894277 0.553259 0.110164 0.068783
4 0.756798 0.736488 0.294390 0.489132
4 0.317142 0.348357 0.096869 0.197685
