4 0.115339 0.655198 0.140414 0.689604
4 0.616727 0.649753 0.158445 0.700494
4 0.410700 0.656987 0.182140 0.686026
4 0.536388 0.591134 0.134585 0.817733
4 0.738945 0.643745 0.093227 0.712511
4 0.845421 0.592518 0.223553 0.814963
4 0.369083 0.655589 0.274240 0.688822
4 0.202593 0.616762 0.085015 0.611240
4 0.117525 0.354751 0.059729 0.073539
4 0.438498 0.659677 0.119570 0.672620
4 0.805092 0.220870 0.056668 0.074449
4 0.432992 0.355733 0.059640 0.075309
4 0.305618 0.655178 0.192742 0.689645
4 0.897615 0.672159 0.124406 0.655682
