1 0.461455 0.315833 0.132142 0.336532
1 0.461241 0.806653 0.131578 0.339481
1 0.326507 0.786870 0.149619 0.382276
1 0.325056 0.290318 0.152650 0.393728
1 0.579784 0.823679 0.117136 0.307781
1 0.156776 0.249597 0.195276 0.481975
1 0.168258 0.745971 0.195085 0.465232
1 0.581343 0.330974 0.119054 0.305881
1 0.694183 0.840557 0.115512 0.273849
1 0.694416 0.347906 0.113660 0.275359
1 0.801221 0.353079 0.101720 0.259734
1 0.895010 0.367444 0.105394 0.238422
1 0.801469 0.851142 0.098324 0.246808
1 0.893968 0.859365 0.104983 0.241631
