1 0.848566 0.840217 0.302868 0.319567
1 0.842348 0.158025 0.315304 0.314334
1 0.502285 0.156957 0.328660 0.313297
1 0.500106 0.839971 0.329140 0.319268
1 0.160823 0.159170 0.321645 0.317418
1 0.160127 0.840806 0.320254 0.317862
1 0.894704 0.842971 0.210593 0.314058
1 0.204425 0.843972 0.220307 0.312056
1 0.897177 0.152979 0.205646 0.305958
1 0.552660 0.843691 0.220426 0.312619
1 0.554213 0.153393 0.220939 0.306786
1 0.205702 0.153857 0.222395 0.307714
1 0.170804 0.499979 0.341608 0.999958
1 0.837182 0.461989 0.325637 0.923977
1 0.503690 0.500000 0.354547 1.000000
