1 0.821279 0.776592 0.105738 0.400197
1 0.493355 0.762813 0.093032 0.427711
1 0.645002 0.765570 0.215375 0.440042
1 0.907954 0.538377 0.179191 0.892057
1 0.721751 0.323151 0.173691 0.442227
1 0.934199 0.745614 0.090454 0.447895
1 0.347063 0.748719 0.128863 0.458012
1 0.056984 0.536360 0.104166 0.889703
1 0.189098 0.532848 0.138686 0.896972
1 0.190202 0.378385 0.121069 0.558790
1 0.452712 0.382387 0.121493 0.561919
1 0.182237 0.742391 0.132696 0.458327
1 0.583369 0.393961 0.091046 0.589317
1 0.065544 0.842650 0.111123 0.258966
1 0.323582 0.394927 0.092637 0.588971
1 0.324018 0.542130 0.104299 0.898598
1 0.719660 0.538631 0.170661 0.882308
1 0.057359 0.422543 0.092934 0.630502
1 0.444796 0.540874 0.135403 0.909725
1 0.580690 0.311700 0.082236 0.430524
1 0.909081 0.378817 0.167991 0.560371
1 0.059276 0.331342 0.087222 0.470856
1 0.650793 0.537256 0.223125 0.900945
