1 0.179779 0.227483 0.103606 0.394207
1 0.548344 0.674985 0.120279 0.442965
1 0.677569 0.679508 0.092472 0.431984
1 0.809255 0.681871 0.121756 0.432098
1 0.652663 0.246033 0.137413 0.450859
1 0.507074 0.234583 0.097463 0.419984
1 0.274051 0.683007 0.177021 0.431990
1 0.355484 0.233001 0.212291 0.437754
1 0.420654 0.680870 0.095654 0.433265
1 0.067465 0.259824 0.100257 0.459667
1 0.934453 0.152674 0.114975 0.263894
1 0.942663 0.684960 0.091052 0.425576
1 0.092555 0.687187 0.174950 0.434074
1 0.815847 0.261372 0.134043 0.478595
1 0.092786 0.507175 0.183678 0.800975
1 0.809380 0.449525 0.146829 0.888856
1 0.654113 0.448620 0.143799 0.883298
1 0.942393 0.484097 0.104859 0.838768
1 0.872322 0.450648 0.255356 0.896318
1 0.067792 0.472668 0.125860 0.915321
