1 0.767731 0.714426 0.138594 0.391151
1 0.307389 0.206336 0.132703 0.395922
1 0.114813 0.215116 0.172740 0.429621
1 0.480376 0.191015 0.155322 0.370792
1 0.246439 0.692640 0.142209 0.435634
1 0.601511 0.708042 0.174040 0.411264
1 0.658666 0.170374 0.143896 0.331300
1 0.912884 0.389241 0.103007 0.208050
1 0.911590 0.715554 0.139182 0.390708
1 0.869635 0.136613 0.205537 0.270687
1 0.412769 0.695857 0.176614 0.440851
1 0.095736 0.684033 0.141442 0.460342
1 0.784387 0.391629 0.104517 0.192316
1 0.911773 0.519005 0.109770 0.482084
