2 0.625302 0.839325 0.151442 0.318704
2 0.426635 0.151546 0.180599 0.303091
2 0.628656 0.179642 0.282284 0.355550
2 0.885165 0.550426 0.229669 0.860673
2 0.713719 0.698272 0.274105 0.448640
2 0.052525 0.466181 0.105050 0.273426
2 0.515363 0.924907 0.256582 0.150186
2 0.628949 0.239093 0.277123 0.215983
2 0.305156 0.613567 0.267536 0.272575
2 0.913994 0.116595 0.168839 0.231814
2 0.070297 0.285804 0.140282 0.570743
2 0.963004 0.317932 0.073210 0.360745
2 0.915272 0.172199 0.168724 0.343709
2 0.227111 0.146878 0.329300 0.293659
2 0.879458 0.143636 0.230347 0.285832
2 0.469958 0.520415 0.260815 0.488878
2 0.876615 0.934627 0.246770 0.130747
2 0.046748 0.080023 0.093495 0.160046
2 0.757521 0.960731 0.079915 0.077782
2 0.053814 0.403424 0.107628 0.395364
2 0.425496 0.265285 0.182441 0.530570
2 0.078013 0.189887 0.156025 0.376349
2 0.056223 0.746366 0.112447 0.260370
2 0.165212 0.269837 0.243170 0.386267
2 0.624605 0.317562 0.282116 0.397079
2 0.960563 0.418466 0.078874 0.533574
2 0.129590 0.628697 0.134565 0.391428
2 0.015166 0.740617 0.029556 0.262048
2 0.226894 0.072996 0.321777 0.145790
2 0.058750 0.707501 0.106848 0.195364
2 0.222636 0.255746 0.334965 0.511276
2 0.044593 0.113628 0.089186 0.227255
2 0.019767 0.747946 0.038955 0.289904
2 0.013047 0.458939 0.025829 0.285645
2 0.714266 0.599191 0.268937 0.237096
2 0.988528 0.140886 0.022944 0.281772
2 0.738860 0.841919 0.145215 0.316163
