2 0.835566 0.710554 0.125187 0.375217
2 0.749804 0.580296 0.229438 0.631713
2 0.641377 0.701256 0.148753 0.428043
2 0.556007 0.497928 0.184539 0.551391
2 0.544700 0.803361 0.108096 0.228776
2 0.146346 0.629578 0.155691 0.543728
2 0.744819 0.780706 0.092113 0.275116
2 0.235376 0.636088 0.272952 0.547377
2 0.537866 0.740954 0.117188 0.362720
2 0.408915 0.812065 0.187995 0.271935
2 0.426664 0.327575 0.140707 0.615674
2 0.749416 0.483908 0.225245 0.434851
2 0.409778 0.657370 0.169870 0.518266
2 0.270203 0.665522 0.201768 0.473721
2 0.333060 0.553261 0.138330 0.686813
2 0.746430 0.728939 0.089285 0.407847
2 0.409264 0.487416 0.169062 0.835665
2 0.919490 0.530738 0.160670 0.673929
2 0.419838 0.619482 0.137787 0.398682
