2 0.167588 0.628404 0.275722 0.414428
2 0.857314 0.799568 0.273302 0.304439
2 0.435215 0.605687 0.279581 0.405229
2 0.629717 0.368276 0.279508 0.492778
2 0.847100 0.484512 0.204704 0.371765
2 0.337155 0.353136 0.333422 0.572202
2 0.629602 0.285845 0.276573 0.329619
2 0.303615 0.448478 0.298701 0.469415
2 0.356575 0.278857 0.294181 0.426183
2 0.706357 0.660115 0.282067 0.500051
2 0.639055 0.474366 0.294940 0.704119
2 0.686074 0.706390 0.228252 0.393324
2 0.664527 0.752918 0.168756 0.294390
2 0.701029 0.519352 0.275878 0.236577
2 0.875040 0.491881 0.147018 0.386616
