2 0.157737 0.845938 0.310464 0.308124
2 0.926827 0.726546 0.146345 0.308375
2 0.569430 0.562484 0.186430 0.514299
2 0.074035 0.567237 0.148043 0.538031
2 0.868885 0.326511 0.262231 0.653022
2 0.738412 0.526450 0.194163 0.550396
2 0.395752 0.607819 0.196561 0.475931
2 0.416496 0.473407 0.218851 0.637212
2 0.217482 0.656356 0.187930 0.418075
2 0.234069 0.527788 0.202346 0.504196
2 0.592371 0.888975 0.428839 0.217570
2 0.836393 0.893838 0.168621 0.212324
2 0.632687 0.303631 0.239845 0.373710
2 0.631193 0.392535 0.240009 0.556922
2 0.037524 0.888291 0.074501 0.223418
2 0.022774 0.879166 0.045315 0.241668
2 0.013716 0.876370 0.027433 0.247260
2 0.421767 0.385524 0.207089 0.449025
2 0.636666 0.192690 0.244177 0.372752
