2 0.496919 0.823069 0.282074 0.353020
2 0.550662 0.176760 0.263740 0.353520
2 0.824005 0.783165 0.143807 0.215894
2 0.960357 0.892942 0.079286 0.211150
2 0.311070 0.920581 0.242908 0.158304
2 0.823533 0.832962 0.146681 0.316246
2 0.935174 0.620303 0.129652 0.401435
2 0.079179 0.219799 0.158358 0.438893
2 0.040783 0.751692 0.081567 0.442159
2 0.549008 0.290537 0.263658 0.578776
2 0.910010 0.521502 0.179981 0.607848
2 0.295965 0.267218 0.305689 0.533490
2 0.470065 0.512310 0.132673 0.481217
2 0.532327 0.935197 0.137767 0.128480
2 0.771565 0.497642 0.191234 0.501032
2 0.033025 0.416584 0.066050 0.315744
2 0.551896 0.390526 0.283167 0.781052
2 0.393347 0.663447 0.157442 0.469899
2 0.663037 0.715598 0.116955 0.194976
2 0.660852 0.809409 0.128440 0.377201
2 0.938761 0.120120 0.122477 0.237716
2 0.892294 0.456529 0.215326 0.739098
2 0.036124 0.700640 0.072036 0.333165
2 0.222961 0.915053 0.410881 0.168967
2 0.080161 0.358822 0.160243 0.715438
2 0.781695 0.616030 0.176623 0.300569
2 0.287013 0.410324 0.336197 0.820648
2 0.183839 0.418793 0.296946 0.329421
2 0.042617 0.636322 0.085235 0.693835
2 0.036121 0.531522 0.072242 0.542765
2 0.026220 0.377515 0.052439 0.303160
2 0.853780 0.834464 0.219421 0.331072
2 0.469782 0.441793 0.128438 0.344896
2 0.698484 0.407799 0.603026 0.812136
2 0.198412 0.709944 0.318287 0.368455
2 0.023438 0.822098 0.046876 0.355803
