2 0.833707 0.580109 0.245624 0.584664
2 0.161010 0.561640 0.193739 0.564093
2 0.602693 0.476004 0.248316 0.827410
2 0.366999 0.610712 0.266986 0.619374
2 0.053583 0.426753 0.107166 0.825582
2 0.766805 0.378571 0.155864 0.563575
2 0.967629 0.568881 0.064742 0.538118
2 0.290544 0.424927 0.211047 0.711748
2 0.477371 0.420463 0.201916 0.712405
2 0.045053 0.507444 0.090106 0.652785
2 0.333977 0.481526 0.267155 0.831293
2 0.065052 0.139194 0.129801 0.277173
2 0.551247 0.473574 0.355440 0.838088
2 0.066858 0.290699 0.133565 0.567798
2 0.082389 0.411667 0.164778 0.822773
