2 0.296837 0.916842 0.201523 0.166316
2 0.172707 0.276274 0.178224 0.302348
2 0.300802 0.709821 0.204703 0.328449
2 0.469682 0.572861 0.247471 0.362131
2 0.160940 0.834507 0.177097 0.312965
2 0.305231 0.416079 0.203585 0.330342
2 0.164022 0.554466 0.170759 0.297336
2 0.467789 0.859513 0.239711 0.280974
2 0.064271 0.425962 0.128541 0.295150
2 0.058217 0.683253 0.116434 0.292535
2 0.316009 0.141594 0.212309 0.282332
2 0.677836 0.390604 0.290263 0.413883
2 0.470382 0.234420 0.243507 0.398439
2 0.054848 0.892835 0.108365 0.214171
2 0.667330 0.754802 0.292770 0.376687
2 0.162336 0.082052 0.213363 0.164103
2 0.054764 0.245469 0.109527 0.435257
2 0.756524 0.781963 0.486951 0.434040
2 0.060313 0.748937 0.120626 0.422243
2 0.858060 0.384515 0.283881 0.753449
2 0.066000 0.500792 0.131999 0.451164
2 0.052230 0.187336 0.104223 0.334770
2 0.161214 0.172762 0.211100 0.345161
2 0.163423 0.615269 0.176168 0.418556
2 0.867348 0.583893 0.265304 0.404920
2 0.147220 0.961459 0.178469 0.077083
2 0.908757 0.940935 0.182487 0.118131
2 0.863263 0.688489 0.273474 0.612535
2 0.173459 0.346352 0.185893 0.442953
2 0.728322 0.279997 0.542250 0.558318
2 0.847320 0.239919 0.305360 0.473309
2 0.046503 0.077448 0.093006 0.154896
2 0.470292 0.506788 0.238237 0.240622
2 0.840051 0.821624 0.319898 0.356505
2 0.314940 0.227101 0.215291 0.454201
2 0.046687 0.116491 0.093373 0.232982
