2 0.718610 0.927946 0.223047 0.143691
2 0.482290 0.326148 0.248274 0.643178
2 0.482049 0.469172 0.256575 0.918596
2 0.238117 0.656783 0.285685 0.682336
2 0.307514 0.195944 0.167915 0.366922
2 0.014811 0.887054 0.029185 0.225892
2 0.027703 0.913721 0.054618 0.172558
2 0.049918 0.769801 0.095873 0.358143
2 0.307716 0.338439 0.180757 0.649537
2 0.092198 0.415004 0.181007 0.494478
2 0.071888 0.335667 0.142957 0.668095
2 0.662886 0.279215 0.271324 0.557399
2 0.748962 0.499574 0.499164 0.999147
2 0.987384 0.131912 0.025232 0.262122
2 0.013703 0.497982 0.027145 0.458051
2 0.331274 0.118009 0.205366 0.235735
2 0.921141 0.893817 0.097171 0.212367
2 0.649742 0.645930 0.264053 0.694829
2 0.015550 0.829481 0.031020 0.341038
2 0.662805 0.185040 0.272759 0.369613
2 0.035194 0.899070 0.069750 0.201859
2 0.876160 0.500632 0.247680 0.995862
2 0.155060 0.206428 0.201754 0.412831
2 0.043479 0.205858 0.086957 0.411716
2 0.044448 0.124473 0.088849 0.246585
2 0.465427 0.706327 0.169886 0.520220
2 0.976359 0.149825 0.045906 0.270927
2 0.047961 0.316395 0.095022 0.631364
2 0.911352 0.153826 0.164549 0.307009
2 0.038092 0.941311 0.075595 0.116793
2 0.014459 0.790577 0.028918 0.418846
2 0.148387 0.146474 0.179905 0.292809
2 0.330825 0.162667 0.212833 0.325335
2 0.240829 0.527633 0.286663 0.440087
2 0.983601 0.147731 0.031387 0.276755
