2 0.252969 0.455700 0.433813 0.482776
2 0.717187 0.487921 0.462230 0.931794
2 0.859466 0.783855 0.163691 0.343922
2 0.399019 0.533797 0.154897 0.339157
2 0.661476 0.783951 0.271219 0.212288
2 0.859618 0.345153 0.157728 0.346741
2 0.713353 0.263621 0.442520 0.459162
2 0.679504 0.149590 0.362959 0.226905
2 0.197999 0.532523 0.269254 0.216620
2 0.219527 0.333117 0.367011 0.230577
2 0.195134 0.434896 0.288015 0.410666
2 0.674249 0.590679 0.355875 0.222937
2 0.860270 0.471765 0.157728 0.575627
2 0.660458 0.341510 0.281805 0.211191
