2 0.409921 0.679484 0.198753 0.367526
2 0.854063 0.678120 0.204393 0.368231
2 0.664677 0.216094 0.205542 0.366530
2 0.215005 0.670527 0.202103 0.295951
2 0.471728 0.211054 0.209401 0.299630
2 0.660336 0.666986 0.205956 0.285752
2 0.580242 0.860531 0.186332 0.156979
2 0.140272 0.858627 0.192238 0.163087
2 0.391934 0.397072 0.192430 0.160820
2 0.286951 0.851602 0.170563 0.145903
2 0.727090 0.851191 0.169737 0.148738
2 0.542239 0.557146 0.170401 0.482050
2 0.660574 0.724846 0.209350 0.403615
2 0.537537 0.389561 0.168697 0.147544
2 0.539389 0.462957 0.169423 0.292746
2 0.392932 0.494649 0.193694 0.358213
2 0.967819 0.672849 0.064363 0.373416
