2 0.406743 0.718073 0.216845 0.284526
2 0.765902 0.635767 0.208856 0.275246
2 0.766284 0.721162 0.213544 0.448707
2 0.351426 0.306910 0.197297 0.279910
2 0.406042 0.789132 0.221682 0.421737
2 0.520388 0.102296 0.277441 0.203701
2 0.950081 0.244206 0.099329 0.367758
2 0.865252 0.544422 0.269495 0.432118
2 0.069459 0.536663 0.138918 0.318569
2 0.516670 0.179998 0.284628 0.359996
2 0.159730 0.682959 0.306497 0.267051
2 0.034897 0.858669 0.069795 0.282381
2 0.229993 0.892084 0.206508 0.215832
2 0.955590 0.185094 0.088821 0.234358
2 0.352263 0.409378 0.201498 0.489919
2 0.925498 0.665776 0.149005 0.372852
2 0.070902 0.457208 0.141803 0.478382
2 0.388014 0.068532 0.131102 0.136854
2 0.193672 0.295694 0.387067 0.591388
2 0.252729 0.077752 0.240492 0.154417
2 0.457889 0.275572 0.205440 0.522874
2 0.909452 0.625571 0.181095 0.308217
2 0.891968 0.132005 0.201107 0.263114
2 0.807000 0.131681 0.370569 0.263336
2 0.890300 0.914234 0.219401 0.169968
2 0.158975 0.774891 0.317950 0.448339
2 0.878640 0.886133 0.242719 0.224556
2 0.582893 0.589527 0.271527 0.496148
