2 0.319963 0.393389 0.252204 0.357049
2 0.602255 0.338957 0.242749 0.341423
2 0.163807 0.207266 0.232456 0.311660
2 0.421422 0.182798 0.227847 0.316537
2 0.806415 0.544834 0.266731 0.375133
2 0.514681 0.588138 0.277812 0.394480
2 0.681698 0.137687 0.223835 0.274222
2 0.870791 0.302922 0.244736 0.328803
2 0.103187 0.862821 0.203151 0.274358
2 0.918251 0.921459 0.163049 0.155741
2 0.400119 0.825483 0.314939 0.348999
2 0.197040 0.655590 0.276121 0.417832
2 0.908249 0.120335 0.183502 0.239797
2 0.273701 0.097456 0.224038 0.194912
2 0.947718 0.718207 0.104564 0.339257
2 0.986804 0.464571 0.026393 0.359604
2 0.077768 0.498129 0.155535 0.496172
2 0.728756 0.802531 0.295918 0.385141
2 0.524539 0.096189 0.202839 0.192379
2 0.766891 0.048016 0.154730 0.096032
2 0.614124 0.959528 0.268623 0.079418
2 0.985480 0.406570 0.029039 0.311788
2 0.064613 0.159630 0.128793 0.319260
2 0.023489 0.669462 0.046979 0.268974
2 0.062102 0.110005 0.124112 0.219291
2 0.794943 0.065983 0.155692 0.131966
2 0.767345 0.072696 0.160507 0.145392
2 0.538522 0.070102 0.194723 0.140204
2 0.978472 0.474841 0.043056 0.244447
2 0.976968 0.227365 0.046064 0.252990
2 0.017771 0.184760 0.035542 0.369519
2 0.034461 0.190816 0.068753 0.283766
2 0.964418 0.522517 0.071164 0.327929
2 0.976193 0.176400 0.047614 0.157945
2 0.142163 0.081214 0.201921 0.160791
2 0.954329 0.645510 0.091007 0.351231
2 0.020293 0.716622 0.040586 0.412238
2 0.781996 0.100565 0.127551 0.198894
2 0.974131 0.520936 0.051737 0.280634
2 0.022203 0.618137 0.044405 0.328218
2 0.958989 0.575222 0.081885 0.402662
2 0.986105 0.344396 0.027789 0.265140
2 0.116999 0.050261 0.171791 0.100522
2 0.970173 0.474318 0.059654 0.254091
2 0.468795 0.083974 0.223209 0.165441
2 0.282479 0.145783 0.206709 0.291567
2 0.104173 0.080766 0.194747 0.160297
2 0.504226 0.055930 0.178083 0.111489
2 0.078155 0.425872 0.154932 0.348429
