2 0.666512 0.138608 0.298514 0.277216
2 0.360841 0.826871 0.284042 0.345749
2 0.500000 0.500361 1.000000 0.999278
2 0.363522 0.157936 0.174505 0.315871
2 0.038353 0.695588 0.076707 0.371043
2 0.571241 0.851656 0.182226 0.296688
2 0.484133 0.462305 0.175529 0.398422
2 0.929183 0.832039 0.141634 0.335923
2 0.905256 0.535078 0.189488 0.357669
2 0.038049 0.754406 0.076097 0.491187
2 0.240008 0.038333 0.090954 0.076666
2 0.461828 0.165478 0.320052 0.330955
2 0.467696 0.109808 0.300184 0.219461
2 0.282571 0.527443 0.273597 0.496876
2 0.947276 0.538536 0.105449 0.309546
2 0.883038 0.194745 0.233206 0.389490
2 0.023168 0.888100 0.046336 0.223799
2 0.696036 0.431688 0.276572 0.370805
2 0.695855 0.370834 0.274070 0.241729
2 0.892003 0.595082 0.165191 0.480975
2 0.365953 0.770323 0.275073 0.226400
2 0.082213 0.902823 0.162380 0.194355
2 0.112423 0.415121 0.224847 0.802376
2 0.488098 0.081826 0.282253 0.162523
2 0.943550 0.606982 0.112527 0.422183
2 0.106027 0.365112 0.212054 0.525663
2 0.017151 0.888822 0.034277 0.222355
2 0.662599 0.267852 0.311728 0.535705
2 0.986255 0.561114 0.026337 0.310246
2 0.835041 0.736110 0.250600 0.369101
2 0.112565 0.508464 0.224750 0.419471
2 0.937596 0.288432 0.113995 0.201835
