2 0.651673 0.586901 0.185716 0.496804
2 0.407408 0.557407 0.191000 0.514137
2 0.804542 0.880682 0.196115 0.238311
2 0.250631 0.853595 0.195011 0.231545
2 0.868371 0.596511 0.135942 0.417670
2 0.189953 0.386401 0.379240 0.770576
2 0.558133 0.265597 0.208368 0.525761
2 0.771535 0.495345 0.188155 0.575562
2 0.557741 0.417954 0.214976 0.824890
2 0.900522 0.395553 0.198956 0.783335
2 0.185184 0.565089 0.133200 0.400924
2 0.536258 0.547225 0.113087 0.466942
2 0.053930 0.252160 0.107105 0.491089
2 0.776227 0.589564 0.099686 0.437054
2 0.899836 0.277849 0.199520 0.555643
2 0.024565 0.395501 0.049130 0.224686
2 0.259565 0.400112 0.229935 0.749734
2 0.109171 0.329252 0.218342 0.364363
2 0.275614 0.416227 0.208159 0.476857
