2 0.148922 0.633737 0.291608 0.479155
2 0.423886 0.614026 0.287109 0.454590
2 0.865724 0.823538 0.266227 0.349692
2 0.864016 0.464877 0.213769 0.426609
2 0.631576 0.328231 0.292230 0.549743
2 0.330090 0.289440 0.337898 0.575831
2 0.780195 0.819200 0.435562 0.355705
2 0.630940 0.243143 0.292085 0.376657
2 0.299656 0.401338 0.299987 0.490463
2 0.349543 0.221468 0.301794 0.440333
2 0.702031 0.664842 0.291500 0.572463
2 0.780167 0.734341 0.439666 0.517855
2 0.323345 0.309991 0.339504 0.312267
2 0.974679 0.494819 0.050642 0.429589
2 0.658524 0.499148 0.335252 0.888048
2 0.332033 0.389554 0.367984 0.773552
2 0.701103 0.512232 0.297215 0.278886
