2 0.672378 0.465505 0.145229 0.417678
2 0.484288 0.655476 0.148351 0.687948
2 0.796730 0.366650 0.133379 0.345868
2 0.921879 0.198622 0.155715 0.219741
2 0.113540 0.447411 0.227080 0.578945
2 0.391007 0.335948 0.442861 0.671075
2 0.277863 0.489603 0.247207 0.413075
2 0.922857 0.343687 0.154286 0.512472
2 0.281979 0.638001 0.264544 0.712916
2 0.669835 0.621793 0.148782 0.742166
2 0.282938 0.755143 0.270692 0.454466
2 0.798337 0.474626 0.137645 0.571751
2 0.382056 0.495014 0.427587 0.982265
2 0.536822 0.393929 0.169468 0.787858
2 0.923035 0.481247 0.153930 0.795181
