2 0.503386 0.849091 0.547657 0.300669
2 0.499623 0.158223 0.549093 0.315797
2 0.846813 0.325930 0.306373 0.396911
2 0.146183 0.751086 0.292366 0.497774
2 0.844531 0.730736 0.310938 0.449878
2 0.847161 0.066806 0.305285 0.133611
2 0.485698 0.509785 0.546332 0.385204
2 0.860646 0.940855 0.278708 0.117316
2 0.138434 0.066461 0.273485 0.132278
2 0.496931 0.224803 0.554692 0.449605
2 0.138370 0.935901 0.274576 0.128194
2 0.144058 0.545118 0.288117 0.818129
2 0.143750 0.334527 0.287499 0.399812
2 0.848829 0.242795 0.302342 0.485591
2 0.140945 0.239737 0.280985 0.479473
2 0.856121 0.166872 0.287759 0.333744
2 0.844477 0.518478 0.310264 0.781683
2 0.495822 0.355693 0.557645 0.711387
2 0.486970 0.654997 0.554435 0.667244
2 0.862999 0.106188 0.274002 0.212376
