2 0.496077 0.871461 0.182478 0.257078
2 0.312104 0.387379 0.254664 0.403163
2 0.362876 0.930475 0.171107 0.138215
2 0.221207 0.867511 0.187959 0.264979
2 0.697052 0.393532 0.249338 0.420704
2 0.769079 0.868585 0.180734 0.262829
2 0.625735 0.937558 0.162969 0.123386
2 0.842465 0.589621 0.223296 0.375333
2 0.924244 0.767555 0.151513 0.346873
2 0.649546 0.752406 0.201709 0.340145
2 0.352369 0.748195 0.204612 0.326417
2 0.503415 0.598785 0.223869 0.393494
2 0.513416 0.224441 0.289647 0.447238
2 0.871693 0.940337 0.167616 0.118301
2 0.076552 0.753072 0.151828 0.315070
2 0.127082 0.945686 0.164261 0.108627
2 0.150544 0.595389 0.275404 0.365160
2 0.194900 0.275382 0.389539 0.550339
2 0.970143 0.862225 0.059714 0.167209
2 0.796740 0.284413 0.406520 0.568266
2 0.031337 0.890326 0.061572 0.218706
2 0.317429 0.485262 0.253324 0.603558
2 0.969973 0.891107 0.060055 0.217786
2 0.696261 0.493977 0.260214 0.609567
2 0.956855 0.784863 0.086289 0.352050
2 0.020445 0.134099 0.040890 0.268197
2 0.943257 0.110662 0.113485 0.221325
2 0.792804 0.185851 0.393105 0.371701
2 0.968603 0.881480 0.062516 0.237040
2 0.015276 0.161620 0.030553 0.323240
2 0.144352 0.303902 0.287338 0.601953
2 0.168805 0.675267 0.249154 0.537685
2 0.067152 0.096361 0.134304 0.192722
2 0.014397 0.230641 0.028794 0.461282
2 0.028561 0.857847 0.057122 0.250570
2 0.027350 0.102570 0.054700 0.205141
2 0.943319 0.195252 0.113361 0.390503
2 0.211387 0.151789 0.418290 0.301829
2 0.193003 0.940588 0.252601 0.118824
