2 0.687292 0.780570 0.215177 0.262647
2 0.429093 0.884969 0.261793 0.190545
2 0.483895 0.550726 0.215214 0.205530
2 0.198878 0.767830 0.294923 0.296308
2 0.721237 0.560229 0.231753 0.255822
2 0.858256 0.770867 0.167942 0.312291
2 0.484159 0.624081 0.216642 0.356876
2 0.616296 0.444347 0.235138 0.377326
2 0.721226 0.618081 0.232361 0.367733
2 0.343024 0.452147 0.244709 0.386866
2 0.616541 0.372725 0.234059 0.236126
2 0.483910 0.267832 0.259960 0.396054
2 0.824713 0.220370 0.330656 0.440740
2 0.253885 0.663183 0.232948 0.463736
2 0.397196 0.790568 0.217242 0.351782
2 0.141503 0.315699 0.283006 0.614308
2 0.252706 0.547381 0.231159 0.239341
2 0.484497 0.201553 0.264957 0.259620
2 0.342563 0.381176 0.238558 0.246132
2 0.824720 0.382229 0.339229 0.760182
2 0.584208 0.735909 0.174715 0.247855
2 0.906246 0.223388 0.155956 0.446150
2 0.861033 0.442077 0.226978 0.474184
2 0.704183 0.674670 0.225816 0.479653
