2 0.518551 0.785758 0.252455 0.425663
2 0.689914 0.853951 0.161237 0.274304
2 0.347085 0.541708 0.267567 0.871423
2 0.295284 0.074859 0.250355 0.148723
2 0.758313 0.634112 0.284043 0.704194
2 0.760817 0.493755 0.297698 0.972506
2 0.052754 0.112727 0.105509 0.224529
2 0.286456 0.115404 0.240494 0.230123
2 0.493465 0.148076 0.189393 0.296153
2 0.014135 0.872626 0.028153 0.254748
2 0.283566 0.162581 0.257356 0.325161
2 0.694270 0.487442 0.598266 0.972536
2 0.062858 0.207795 0.125635 0.415590
2 0.101642 0.511600 0.202641 0.971736
2 0.249727 0.512207 0.498177 0.975586
2 0.829105 0.950269 0.203005 0.098593
2 0.987120 0.605400 0.025761 0.421583
2 0.964132 0.146989 0.071736 0.291707
2 0.031656 0.112373 0.063313 0.224746
2 0.986918 0.180227 0.025840 0.360454
2 0.014494 0.777234 0.028988 0.445533
2 0.495517 0.241637 0.189628 0.482637
2 0.249697 0.138915 0.345190 0.276397
2 0.092871 0.105305 0.183307 0.209188
2 0.023529 0.149909 0.046145 0.299819
2 0.982744 0.155961 0.034511 0.311923
2 0.073334 0.107626 0.101472 0.213952
2 0.951856 0.868521 0.096288 0.259620
2 0.977176 0.117186 0.045648 0.234372
2 0.012064 0.685340 0.023763 0.287671
2 0.539607 0.468008 0.186623 0.457812
2 0.335456 0.951526 0.251855 0.096420
2 0.758690 0.541376 0.277196 0.468280
2 0.019113 0.193089 0.038226 0.386179
2 0.011614 0.588858 0.023227 0.543190
