2 0.683218 0.728073 0.246750 0.324776
2 0.844339 0.877749 0.221919 0.244502
2 0.318886 0.917790 0.213186 0.164420
2 0.579476 0.894004 0.220527 0.211859
2 0.128345 0.805316 0.232253 0.290989
2 0.806692 0.487545 0.265113 0.374442
2 0.400862 0.775862 0.231887 0.301798
2 0.495444 0.555532 0.261796 0.373520
2 0.193244 0.592789 0.261290 0.368073
2 0.925265 0.698950 0.149402 0.338789
2 0.090734 0.932569 0.180344 0.134862
2 0.084592 0.153098 0.168620 0.304502
2 0.607733 0.270848 0.287030 0.422058
2 0.384865 0.124839 0.273929 0.247395
2 0.277452 0.311393 0.286357 0.413786
2 0.046192 0.422462 0.092384 0.419001
2 0.905360 0.213695 0.189281 0.424765
2 0.941202 0.953425 0.117597 0.091998
2 0.736957 0.971627 0.191613 0.055949
2 0.752294 0.115280 0.183351 0.229141
2 0.013556 0.573327 0.027088 0.376557
2 0.019287 0.839529 0.038219 0.320942
2 0.595557 0.067330 0.225288 0.134660
2 0.020950 0.806159 0.041843 0.271787
2 0.757193 0.156103 0.188648 0.312206
2 0.019555 0.748610 0.039110 0.340289
2 0.940531 0.083076 0.118938 0.166152
2 0.014743 0.677315 0.028913 0.410527
2 0.598810 0.047902 0.206602 0.095801
2 0.982171 0.114162 0.035658 0.228324
2 0.552195 0.068676 0.174276 0.137353
2 0.851775 0.075483 0.179095 0.150967
2 0.979808 0.079688 0.040384 0.159377
2 0.227216 0.072868 0.162940 0.145735
2 0.577840 0.095181 0.221386 0.189740
2 0.015708 0.822712 0.031417 0.354577
2 0.023611 0.593264 0.047223 0.307738
2 0.977914 0.332614 0.044173 0.301025
2 0.217795 0.095870 0.145609 0.189854
2 0.587030 0.126727 0.241567 0.253453
2 0.183746 0.073136 0.167143 0.146024
2 0.497820 0.064695 0.251818 0.129389
2 0.019922 0.508023 0.039844 0.430043
2 0.972796 0.124216 0.054408 0.248432
