2 0.269000 0.788980 0.224241 0.314740
2 0.184678 0.483205 0.210274 0.334552
2 0.506081 0.352179 0.226308 0.564542
2 0.481943 0.713662 0.182476 0.262129
2 0.728582 0.718160 0.287561 0.263091
2 0.250126 0.310888 0.215811 0.459335
2 0.772657 0.437779 0.288473 0.688611
2 0.812893 0.542051 0.183043 0.385483
2 0.248017 0.232677 0.213105 0.298394
2 0.655802 0.490617 0.204454 0.436353
2 0.361957 0.495403 0.152034 0.348154
2 0.322753 0.590501 0.190758 0.202281
2 0.483502 0.616905 0.179968 0.454578
2 0.779367 0.341157 0.279047 0.490959
2 0.739540 0.791979 0.321011 0.403335
2 0.320322 0.665415 0.194829 0.356867
2 0.329675 0.498881 0.203379 0.362016
2 0.106075 0.308096 0.165274 0.567710
