2 0.350418 0.348456 0.204930 0.293883
2 0.485516 0.868313 0.276736 0.263375
2 0.780346 0.227713 0.189436 0.293661
2 0.229356 0.207137 0.187466 0.270365
2 0.502953 0.218523 0.184669 0.276802
2 0.498045 0.518648 0.229938 0.342040
2 0.496324 0.611508 0.230286 0.523092
2 0.126407 0.110752 0.172269 0.221504
2 0.636146 0.113310 0.171122 0.226620
2 0.161711 0.535995 0.233898 0.372715
2 0.875190 0.112831 0.176908 0.224337
2 0.374986 0.118786 0.166444 0.237572
2 0.650023 0.450237 0.211707 0.505224
2 0.309991 0.744893 0.251990 0.433748
2 0.780124 0.305586 0.200010 0.452739
2 0.502762 0.302442 0.190284 0.449695
2 0.688825 0.762731 0.268952 0.455832
2 0.772726 0.765109 0.435200 0.459987
2 0.230121 0.287966 0.192785 0.431540
2 0.078903 0.355745 0.157805 0.320724
2 0.648970 0.379852 0.206230 0.360411
2 0.637992 0.190731 0.178028 0.381461
2 0.730129 0.063249 0.190553 0.126498
2 0.969005 0.191259 0.061991 0.266886
2 0.506834 0.113217 0.206660 0.225590
2 0.374827 0.181160 0.174344 0.362320
2 0.052613 0.892600 0.105226 0.214799
2 0.922884 0.440912 0.154232 0.484056
2 0.351974 0.445752 0.212462 0.489335
2 0.027799 0.199225 0.055598 0.271799
2 0.157952 0.612845 0.244272 0.544934
2 0.805157 0.528369 0.189881 0.366829
2 0.234248 0.764874 0.399939 0.470253
2 0.738537 0.123240 0.175154 0.246481
2 0.221458 0.694868 0.441980 0.606687
2 0.123106 0.174956 0.175162 0.349706
2 0.730159 0.093168 0.183447 0.186176
2 0.508158 0.162574 0.203695 0.325149
2 0.076769 0.435177 0.153538 0.491903
2 0.278595 0.046028 0.162414 0.091867
2 0.967887 0.240895 0.064226 0.373942
2 0.271022 0.100093 0.151898 0.200186
2 0.878133 0.182245 0.175574 0.359049
2 0.961350 0.083165 0.077300 0.166155
2 0.855915 0.615244 0.288171 0.759057
2 0.968162 0.129172 0.063676 0.258345
2 0.925530 0.082004 0.148939 0.163507
2 0.147715 0.671699 0.289201 0.650909
2 0.300713 0.065163 0.210753 0.130327
2 0.776442 0.668126 0.445534 0.660830
2 0.030642 0.235878 0.059757 0.375602
2 0.927591 0.055485 0.144817 0.110971
2 0.987115 0.816151 0.025770 0.367697
2 0.035111 0.882349 0.070142 0.235301
2 0.515116 0.059094 0.185519 0.118024
2 0.766637 0.066728 0.169984 0.133456
2 0.014457 0.604813 0.028304 0.391947
