2 0.924104 0.839813 0.151793 0.320373
2 0.502322 0.182127 0.279119 0.350435
2 0.693547 0.844498 0.236586 0.311004
2 0.060365 0.383867 0.120729 0.388477
2 0.450024 0.834447 0.262482 0.331107
2 0.036488 0.104708 0.072977 0.209416
2 0.037515 0.198569 0.075031 0.397138
2 0.454932 0.898378 0.252937 0.202959
2 0.070307 0.881287 0.130518 0.236743
2 0.172803 0.335097 0.149286 0.449535
2 0.813994 0.642759 0.303448 0.441938
2 0.350645 0.115644 0.177332 0.229394
2 0.063427 0.478026 0.126854 0.580774
2 0.954730 0.269661 0.090289 0.396027
2 0.172530 0.216862 0.147241 0.211489
2 0.674998 0.205437 0.256527 0.410875
2 0.154953 0.094762 0.283280 0.189399
2 0.674914 0.094489 0.259044 0.188978
2 0.814522 0.711560 0.306491 0.576880
2 0.772330 0.246823 0.454465 0.493374
2 0.430559 0.543482 0.207738 0.392662
2 0.470559 0.065582 0.137192 0.131020
2 0.798376 0.328286 0.322171 0.425198
2 0.610148 0.472996 0.166145 0.449410
2 0.499791 0.353146 0.279880 0.694545
2 0.531781 0.751119 0.133874 0.433930
2 0.960785 0.589501 0.078200 0.321975
2 0.345607 0.061747 0.183006 0.123494
2 0.768786 0.348276 0.461489 0.696553
2 0.979711 0.128294 0.040577 0.256589
2 0.120146 0.877291 0.234169 0.245418
2 0.983810 0.153903 0.032380 0.307806
2 0.294871 0.117033 0.276834 0.234067
2 0.345202 0.230256 0.159314 0.457757
2 0.295954 0.233282 0.257285 0.465483
2 0.531450 0.662509 0.133419 0.255272
2 0.192577 0.109739 0.230918 0.217956
2 0.885325 0.136505 0.222929 0.273010
2 0.877178 0.211262 0.220850 0.421814
2 0.334423 0.472710 0.129741 0.550877
2 0.049990 0.330721 0.099981 0.291621
2 0.107060 0.104419 0.210383 0.206547
2 0.963727 0.128931 0.070681 0.257863
2 0.986337 0.165001 0.027326 0.330001
2 0.335129 0.334219 0.117415 0.265879
2 0.966359 0.070327 0.067282 0.140655
2 0.259628 0.464009 0.280481 0.568531
