2 0.861988 0.902110 0.270667 0.195365
2 0.144392 0.864270 0.181839 0.271461
2 0.353411 0.920587 0.207845 0.158827
2 0.319938 0.739073 0.215289 0.351732
2 0.563711 0.836059 0.253513 0.327883
2 0.270437 0.462900 0.204633 0.353456
2 0.119348 0.625574 0.176633 0.311111
2 0.238671 0.191314 0.208498 0.350310
2 0.507559 0.558882 0.240117 0.388574
2 0.792792 0.672274 0.291061 0.426387
2 0.472769 0.266061 0.244825 0.392426
2 0.064649 0.142020 0.126144 0.284040
2 0.668235 0.124386 0.247589 0.245504
2 0.082181 0.380034 0.159173 0.336147
2 0.749615 0.345180 0.285083 0.423032
2 0.370850 0.096148 0.214265 0.192297
2 0.041368 0.936488 0.081875 0.127023
2 0.029764 0.775328 0.059277 0.270953
2 0.015437 0.513531 0.030269 0.315035
2 0.018325 0.754564 0.036650 0.265435
2 0.033892 0.813676 0.067447 0.342584
2 0.924280 0.148354 0.151440 0.296707
2 0.158095 0.070416 0.135621 0.140831
2 0.507723 0.053129 0.130202 0.106257
2 0.015405 0.682805 0.030810 0.361980
2 0.065821 0.097884 0.117766 0.195769
2 0.505195 0.075470 0.141737 0.150939
2 0.988720 0.686070 0.022560 0.286895
2 0.526219 0.068302 0.161258 0.136604
2 0.018304 0.548074 0.036608 0.353178
2 0.171530 0.052492 0.147744 0.104983
2 0.961731 0.414073 0.076539 0.360141
2 0.011773 0.472184 0.023547 0.335359
2 0.022179 0.681409 0.043779 0.369879
2 0.918474 0.267728 0.163053 0.533214
2 0.807523 0.072883 0.131420 0.145766
2 0.023017 0.583581 0.044847 0.315805
2 0.988038 0.740283 0.023923 0.313417
2 0.984663 0.805967 0.030674 0.227618
2 0.844478 0.062300 0.181058 0.124600
2 0.016787 0.613865 0.033575 0.442055
2 0.893221 0.069397 0.104233 0.138793
2 0.133232 0.057917 0.194724 0.115834
2 0.464922 0.076358 0.227590 0.152716
2 0.084356 0.334540 0.145228 0.235458
2 0.040612 0.847238 0.081224 0.304295
2 0.987510 0.667072 0.024980 0.475127
