2 0.591690 0.441579 0.194482 0.525932
2 0.349065 0.438863 0.197431 0.564760
2 0.466726 0.826424 0.156608 0.341484
2 0.748167 0.275489 0.199027 0.499326
2 0.756551 0.380793 0.218751 0.711968
2 0.812084 0.495261 0.136737 0.543273
2 0.192216 0.363469 0.218187 0.724997
2 0.950926 0.749572 0.097854 0.500857
2 0.468213 0.523091 0.097196 0.342754
2 0.174961 0.484186 0.214414 0.565618
2 0.806979 0.825876 0.377615 0.347680
2 0.198325 0.241792 0.202745 0.480047
2 0.140846 0.473713 0.154015 0.557881
2 0.807694 0.748365 0.384612 0.503270
2 0.093066 0.596323 0.185292 0.807355
2 0.351284 0.644571 0.188831 0.285750
2 0.729331 0.827190 0.218674 0.329697
2 0.865075 0.751120 0.269850 0.497760
2 0.748679 0.175874 0.196912 0.296149
2 0.135054 0.590433 0.188288 0.781374
2 0.790511 0.596523 0.212957 0.752526
