2 0.089835 0.555948 0.178931 0.884749
2 0.593960 0.669342 0.220751 0.333600
2 0.772011 0.578947 0.201723 0.283772
2 0.837200 0.346651 0.324921 0.690833
2 0.060900 0.078972 0.121800 0.157238
2 0.602766 0.434729 0.189152 0.536943
2 0.410390 0.416439 0.404055 0.826221
2 0.759740 0.802568 0.198996 0.394863
2 0.365109 0.852638 0.250039 0.294724
2 0.061590 0.154287 0.123180 0.308574
2 0.261048 0.477560 0.195156 0.796143
2 0.162290 0.238317 0.160733 0.475307
2 0.436682 0.482059 0.211602 0.716840
2 0.431109 0.454609 0.182130 0.547962
2 0.948082 0.110638 0.103326 0.221275
2 0.688343 0.131430 0.260940 0.262859
2 0.949546 0.076984 0.100909 0.153968
2 0.921384 0.497801 0.157231 0.399620
2 0.164061 0.156183 0.166615 0.308739
