2 0.392662 0.682764 0.222740 0.248737
2 0.887812 0.620073 0.224375 0.227370
2 0.301246 0.398863 0.220760 0.368790
2 0.815595 0.509330 0.215381 0.318268
2 0.111754 0.624104 0.222700 0.224092
2 0.506295 0.372769 0.207209 0.365933
2 0.502671 0.468348 0.211291 0.560066
2 0.630605 0.482562 0.170014 0.324402
2 0.191393 0.539974 0.225837 0.354888
2 0.506397 0.304484 0.209499 0.227232
2 0.573256 0.678295 0.183353 0.203644
2 0.602508 0.512035 0.222267 0.375809
2 0.182406 0.497120 0.207056 0.273530
2 0.300622 0.327021 0.218477 0.223341
2 0.303329 0.470215 0.228874 0.510695
2 0.692652 0.586734 0.190548 0.141189
2 0.701162 0.667357 0.194624 0.299762
2 0.392370 0.783761 0.235298 0.432478
2 0.081807 0.616667 0.163430 0.232831
