2 0.158563 0.337158 0.167700 0.396808
2 0.714533 0.374973 0.200278 0.617891
2 0.789791 0.693224 0.277090 0.450095
2 0.368276 0.386450 0.191587 0.450421
2 0.569028 0.694118 0.211891 0.245600
2 0.542011 0.474049 0.170817 0.668531
2 0.449839 0.179007 0.156644 0.169786
2 0.603282 0.170006 0.141131 0.182785
2 0.450286 0.266791 0.156377 0.344123
2 0.604710 0.140425 0.136927 0.121127
2 0.787889 0.785838 0.272261 0.269229
2 0.604245 0.312388 0.140542 0.469716
2 0.601325 0.202577 0.142242 0.255773
2 0.453849 0.154601 0.156030 0.117376
